10301
10302
10370
10371
10557
10827
10832
10854
10856
10880
10881
10886
10887
10888
10889
10891
11050
11051
11052
11053
11054
11055
11056
11058
11064
11070
11071
11073
11074
11077
11078
11079
11141
11142
11145
11175
11176
11177
11178
11179
11180
11183
11184
11185
11189
11301
11602
11626
11637
11647
11667
11668
11670
11672
11673
11674
11676
11677
11678
11686
11695
11699
11726
11727
11826
11884
11889
11891
11892
12004
12006
12011
12024
12025
12300
12301
12302
12303
12304
12306
12400
12401
12402
12403
12404
12405
12458
12461
12465
12470
12471
12475
12479
12480
12481
12575
13030
13031
13032
13033
13034
13035
13036
13037
13038
13039
13040
13041
13042
13043
13044
13045
13046
13048
13049
13050
13052
13053
13054
13055
13056
13057
13058
13059
13060
13061
13062
13063
13064
13065
13066
13067
13071
13072
13073
13074
13356
14001
14010
14014
14015
14016
14017
14018
14038
14076
14100
14108
14109
14110
14112
14125
14207
14210
14211
14212
14231
14289
14290
14350
14351
14352
14353
14354
14355
14356
14357
14358
14359
14379
14397
14455
14464
14470
14473
14474
14481
14482
14485
14494
14499
14551
14624
14625
14626
14642
14646
14647
14648
14652
14854
14855
14867
14868
14893
14894
16000
16002
16004
16009
16015
16018
16019
16020
16021
16027
16032
16037
16039
16042
16045
16060
16061
16062
16064
16065
16066
16075
16076
18544
18548
18549
18575
18577
18596
18761
18764
18765
18771
18776
18782
18783
18881
18890
18891
18892
18893
18895
18897
19050
19051
19055
19056
19063
19064
19115
19116
19117
19120
19121
19122
19140
19141
19142
19500
19520
19521
19529
19540
19541
19543
19545
19546
19547
19554
19555
19556
19557
19558
19559
19560
19561
19562
19563
19564
19565
19566
19567
19568
19570
19571
19572
19574
19575
19576
19577
19622
19623
19624
19625
19629
19630
19634
19642
19646
19650
20200
20201
20202
20203
20206
20207
24001
24002
24003
24004
24005
24006
24007
24008
24009
24010
24011
24012
24013
24014
24015
24018
24019
24020
24021
24022
24025
24026
24027
24028
24029
24030
24031
24032
24033
24034
24035
24036
24037
24038
40090
40091
40092
40093
40094
40095
40096
40097
40121
40129
40149
40252
40253
40316
40317
40318
40319
40342
40343
40384
40385
40386
40387
40390
40506
40508
40533
40539
40546
40605
40607
40714
40717
40720
40724
40806
40807
40808
40809
40810
40811
40812
40813
40814
41021
41022
42006
42052
42053
42054
42055
42056
42057
42058
42059
42067
42070
42163
42220
42232
42233
42235
42308
42314
42323
42324
42334
42335
42337
42339
50050
50051
50060
50061
50070
50071
50080
50081
50090
50091
50100
50211
50300
50310
50312
50400
50410
50412
50500
50502
51100
51200
51300
52110
52111
52120
52121
53130
53131
53160
53161
53162
53163
54130
54131
54132
54133
59016
59017
59030
59032
59033
59034
59035
59036
59037
59038
59046
59055
96342
96729
96751
98271